  File: ‘/tmp/dumbbunny05-a1783911-2020-s1-adsa-assignment1-200326-192641-300/.automark//marker-script’
  Size: 63        	Blocks: 8          IO Block: 4096   regular file
Device: 26h/38d	Inode: 27606599    Links: 1
Access: (0600/-rw-------)  Uid: ( 5106/dumbbunny05)   Gid: ( 5106/automark05)
Access: 2020-03-26 19:26:41.786301580 +1030
Modify: 2020-03-26 19:26:41.786301580 +1030
Change: 2020-03-26 19:26:41.786301580 +1030
 Birth: -
