  File: ‘/tmp/dumbbunny05-a1783911-2020-s1-adsa-assignment1-200327-233437-316/.automark//marker-script’
  Size: 63        	Blocks: 8          IO Block: 4096   regular file
Device: 26h/38d	Inode: 36616604    Links: 1
Access: (0600/-rw-------)  Uid: ( 5106/dumbbunny05)   Gid: ( 5106/automark05)
Access: 2020-03-27 23:34:38.135486897 +1030
Modify: 2020-03-27 23:34:38.135486897 +1030
Change: 2020-03-27 23:34:38.135486897 +1030
 Birth: -
