  File: ‘/tmp/dumbbunny04-a1783911-2020-s1-adsa-assignment1-200327-175323-310/.automark//marker-script’
  Size: 63        	Blocks: 8          IO Block: 4096   regular file
Device: 26h/38d	Inode: 36208764    Links: 1
Access: (0600/-rw-------)  Uid: ( 5105/dumbbunny04)   Gid: ( 5105/automark04)
Access: 2020-03-27 17:53:24.738770991 +1030
Modify: 2020-03-27 17:53:24.738770991 +1030
Change: 2020-03-27 17:53:24.738770991 +1030
 Birth: -
