  File: ‘/tmp/dumbbunny04-a1783911-2020-s1-adsa-assignment1-200327-174842-309/.automark//marker-script’
  Size: 63        	Blocks: 8          IO Block: 4096   regular file
Device: 26h/38d	Inode: 36201031    Links: 1
Access: (0600/-rw-------)  Uid: ( 5105/dumbbunny04)   Gid: ( 5105/automark04)
Access: 2020-03-27 17:48:43.815014493 +1030
Modify: 2020-03-27 17:48:43.815014493 +1030
Change: 2020-03-27 17:48:43.815014493 +1030
 Birth: -
