  File: ‘/tmp/dumbbunny05-a1688820-2020-s1-adsa-assignment1-200324-193508-179/.automark//marker-script’
  Size: 63        	Blocks: 8          IO Block: 4096   regular file
Device: 26h/38d	Inode: 30148572    Links: 1
Access: (0600/-rw-------)  Uid: ( 5106/dumbbunny05)   Gid: ( 5106/automark05)
Access: 2020-03-24 19:35:08.994869988 +1030
Modify: 2020-03-24 19:35:08.994869988 +1030
Change: 2020-03-24 19:35:08.994869988 +1030
 Birth: -
