  File: ‘/tmp/dumbbunny04-a1783911-2020-s1-adsa-assignment1-200329-002020-320/.automark//marker-script’
  Size: 63        	Blocks: 8          IO Block: 4096   regular file
Device: 26h/38d	Inode: 37996347    Links: 1
Access: (0600/-rw-------)  Uid: ( 5105/dumbbunny04)   Gid: ( 5105/automark04)
Access: 2020-03-29 00:20:21.540456366 +1030
Modify: 2020-03-29 00:20:21.540456366 +1030
Change: 2020-03-29 00:20:21.540456366 +1030
 Birth: -
