  File: ‘/tmp/dumbbunny06-a1688820-2020-s1-adsa-assignment1-200329-145246-184/.automark//marker-script’
  Size: 63        	Blocks: 8          IO Block: 4096   regular file
Device: 26h/38d	Inode: 30276711    Links: 1
Access: (0600/-rw-------)  Uid: ( 5107/dumbbunny06)   Gid: ( 5107/automark06)
Access: 2020-03-29 14:52:47.891655963 +1030
Modify: 2020-03-29 14:52:47.891655963 +1030
Change: 2020-03-29 14:52:47.891655963 +1030
 Birth: -
