  File: ‘/tmp/dumbbunny04-a1688820-2020-s1-adsa-assignment1-200324-193335-178/.automark//marker-script’
  Size: 63        	Blocks: 8          IO Block: 4096   regular file
Device: 26h/38d	Inode: 30143144    Links: 1
Access: (0600/-rw-------)  Uid: ( 5105/dumbbunny04)   Gid: ( 5105/automark04)
Access: 2020-03-24 19:33:36.382624841 +1030
Modify: 2020-03-24 19:33:36.382624841 +1030
Change: 2020-03-24 19:33:36.382624841 +1030
 Birth: -
